-1	61	16	30	29	55	95	67	57	87	9	54	6	7	75	44	18	44	54	31	38	81	14	59	47	91	21	74	74	14	18	38	48	0	79	47	64	25	54	53	0	4	29	88	45	43	11	77	61	47	82	87	49	8	90	11	45	71	13	14	16	87	29	43	13	89	65	5	64	52	7	83	0	32	13	31	37	37	64	17	38	62	70	26	31	67	42	53	75	78	30	43	83	13	31	42	93	90	59	63
61	-1	50	44	74	22	70	10	91	77	42	39	62	16	38	86	81	8	64	19	26	47	42	94	29	66	80	98	19	97	97	51	78	20	27	43	14	0	83	23	34	60	20	33	97	38	56	30	89	69	23	17	3	2	45	75	16	20	4	33	45	22	49	63	88	92	72	40	15	77	93	72	30	43	71	56	72	45	71	88	11	3	91	23	42	62	1	34	29	69	4	37	81	80	79	44	40	8	49	9
16	50	-1	8	54	72	54	69	18	10	43	76	2	34	29	53	81	75	62	46	13	5	39	40	15	61	3	3	97	22	49	37	37	50	67	9	94	82	90	63	37	62	93	73	12	5	25	82	78	64	93	8	34	7	43	93	48	96	84	0	12	69	1	14	28	55	66	85	75	63	52	98	64	80	60	33	70	92	95	31	38	4	10	93	45	18	33	52	1	3	93	7	49	13	55	59	90	26	99	41
30	44	8	-1	64	53	39	92	53	90	78	75	44	24	71	23	59	1	67	30	9	38	12	90	52	13	40	67	1	49	75	42	86	18	41	45	18	29	60	96	57	65	97	35	89	59	0	21	0	45	26	53	38	14	1	91	33	66	86	14	62	74	45	85	56	18	10	57	13	77	50	10	51	18	53	73	70	96	68	0	20	62	30	45	31	16	61	83	77	25	16	84	62	29	6	44	68	13	52	2
29	74	54	64	-1	92	79	11	31	90	25	66	83	27	32	34	54	37	93	8	20	42	45	51	95	82	11	59	45	43	58	13	28	86	74	55	61	38	35	80	13	88	64	49	49	53	30	14	12	11	94	92	27	64	61	3	34	0	58	3	64	50	97	16	29	70	71	85	83	83	4	10	71	16	93	59	14	0	23	73	97	58	61	69	77	45	38	27	98	61	95	64	83	54	77	70	91	99	16	46
55	22	72	53	92	-1	26	26	71	97	92	44	40	62	77	15	32	40	94	82	88	59	94	25	43	35	2	4	54	56	36	92	71	71	92	17	26	71	27	90	37	8	83	80	27	23	12	97	17	66	54	38	35	10	98	1	45	95	38	55	7	3	80	40	48	11	62	13	9	29	91	91	43	57	40	56	13	32	21	71	52	84	20	16	36	23	3	12	37	7	54	7	20	67	51	6	60	67	18	5
95	70	54	39	79	26	-1	80	67	0	45	3	84	38	36	67	40	1	7	21	11	74	51	23	3	53	57	0	11	58	48	36	5	56	53	54	2	26	77	0	65	64	94	81	80	57	39	58	27	45	47	43	71	12	57	79	32	64	30	75	6	57	91	85	48	79	37	8	8	90	15	42	30	82	49	73	18	16	93	84	1	57	58	20	34	48	90	12	68	11	84	72	9	6	49	13	7	10	85	92
67	10	69	92	11	26	80	-1	57	62	92	78	3	32	78	33	28	52	16	8	11	9	20	10	94	35	32	62	69	31	20	98	31	93	24	47	5	15	81	52	85	85	51	93	0	86	95	12	76	5	23	36	92	3	30	28	61	17	2	19	45	44	0	13	76	44	23	71	30	13	94	25	8	48	43	24	68	55	93	24	87	45	50	9	30	78	35	67	87	5	89	86	30	13	88	10	72	54	0	35
57	91	18	53	31	71	67	57	-1	19	87	14	73	48	82	64	30	76	50	94	42	82	8	8	23	62	21	93	45	4	74	14	43	82	23	5	19	23	46	19	93	60	18	32	41	95	64	29	70	25	75	22	9	41	72	67	75	88	22	43	84	6	91	16	62	6	78	30	36	87	48	54	53	23	49	22	50	91	63	79	26	91	44	9	88	99	44	54	32	12	45	30	3	35	64	60	21	7	33	3
87	77	10	90	90	97	0	62	19	-1	78	75	5	98	69	20	63	74	1	35	97	88	42	73	18	15	21	53	86	88	34	21	21	22	46	10	17	75	66	59	49	68	65	82	3	2	41	81	95	26	15	25	19	26	82	94	76	83	31	7	52	26	1	66	74	74	28	67	92	9	79	8	68	33	22	39	34	56	50	58	67	45	95	6	37	23	24	6	97	11	30	39	62	52	92	86	66	7	6	33
9	42	43	78	25	92	45	92	87	78	-1	69	25	88	97	15	66	11	89	69	62	20	62	50	11	4	63	47	69	74	29	88	60	67	83	93	74	63	48	69	22	86	24	21	98	87	9	32	98	85	90	70	62	96	13	44	49	91	22	94	37	3	9	12	71	92	51	99	53	76	22	62	21	34	66	90	57	90	54	28	70	65	43	19	80	53	24	88	58	10	90	61	30	14	10	66	21	51	72	55
54	39	76	75	66	44	3	78	14	75	69	-1	62	4	67	56	76	38	33	82	49	8	52	53	90	50	43	76	79	32	4	98	97	94	9	85	55	27	22	60	0	2	53	24	59	93	48	36	0	72	33	94	17	53	72	10	26	43	60	56	64	95	92	21	66	35	45	89	20	99	0	41	7	59	75	54	97	16	88	35	63	98	91	67	12	59	71	75	20	9	35	44	92	4	4	27	34	96	91	48
6	62	2	44	83	40	84	3	73	5	25	62	-1	56	56	25	31	82	55	0	94	45	83	24	32	20	88	74	60	33	37	74	55	19	49	15	15	13	41	27	11	82	46	1	77	66	64	90	92	51	37	18	39	53	48	14	75	68	77	43	45	82	54	71	65	48	11	0	0	40	27	14	32	70	26	57	42	97	14	13	15	5	86	11	0	19	67	41	23	29	29	16	39	49	29	44	31	91	18	24
7	16	34	24	27	62	38	32	48	98	88	4	56	-1	64	37	91	18	71	34	29	39	97	39	38	75	44	2	53	39	94	4	59	65	23	59	44	69	52	28	65	10	18	7	18	52	8	41	42	48	13	4	12	49	49	46	46	78	5	90	33	57	69	53	6	90	5	75	74	56	60	47	98	5	86	73	74	15	9	95	89	49	64	53	36	30	44	85	93	34	82	58	52	57	42	52	75	53	5	17
75	38	29	71	32	77	36	78	82	69	97	67	56	64	-1	76	54	4	29	74	74	60	36	56	57	69	21	65	7	76	58	24	36	80	6	67	82	99	14	89	30	70	7	54	47	9	28	85	38	24	80	49	0	46	14	82	12	99	12	88	81	13	2	46	9	42	47	1	12	43	88	10	58	46	50	36	62	30	63	11	71	97	94	19	53	47	2	67	13	25	44	45	57	34	96	32	92	72	47	16
44	86	53	23	34	15	67	33	64	20	15	56	25	37	76	-1	40	2	49	49	26	14	62	4	50	99	17	64	30	19	95	73	64	24	12	3	12	22	20	97	31	0	10	10	58	48	1	85	89	29	66	86	67	16	34	57	24	92	87	1	52	5	92	61	22	72	35	68	35	67	38	14	10	12	60	62	74	0	30	14	97	34	78	72	20	59	43	51	74	73	50	3	3	13	66	4	5	20	34	47
18	81	81	59	54	32	40	28	30	63	66	76	31	91	54	40	-1	61	18	77	34	49	69	91	12	80	52	79	71	63	0	97	71	30	7	53	73	3	71	75	68	78	94	82	20	21	66	50	98	21	30	21	43	0	50	99	42	0	75	38	10	1	27	31	25	50	9	50	36	8	73	49	39	12	65	20	72	88	24	50	21	32	76	96	84	98	29	79	18	78	84	95	45	32	89	41	50	92	29	92
44	8	75	1	37	40	1	52	76	74	11	38	82	18	4	2	61	-1	98	65	44	38	51	44	12	41	45	28	5	80	73	41	6	35	90	61	5	90	61	30	44	1	36	91	32	11	46	86	25	88	6	44	82	71	4	69	19	67	51	0	20	61	88	7	35	75	43	27	62	53	27	36	12	79	2	66	90	51	48	72	41	3	74	61	79	41	65	47	6	92	52	41	8	99	40	6	40	69	57	5
54	64	62	67	93	94	7	16	50	1	89	33	55	71	29	49	18	98	-1	55	70	21	41	0	32	64	63	21	22	88	15	22	90	66	39	29	43	85	20	17	21	16	44	89	25	18	54	96	28	83	57	18	67	30	94	54	2	3	88	76	91	86	45	63	36	27	5	43	28	52	60	12	27	90	56	42	56	32	58	31	90	44	2	0	66	88	3	80	42	56	59	90	98	75	19	73	49	25	5	98
31	19	46	30	8	82	21	8	94	35	69	82	0	34	74	49	77	65	55	-1	87	67	34	97	39	0	3	11	87	43	99	12	7	95	52	24	77	57	25	70	7	24	49	95	67	33	17	74	60	20	51	5	55	35	8	69	46	84	41	28	0	16	32	45	68	0	58	71	20	45	66	72	82	17	40	62	26	59	50	13	47	61	85	16	46	96	67	96	41	37	27	71	5	4	12	7	34	45	0	88
38	26	13	9	20	88	11	11	42	97	62	49	94	29	74	26	34	44	70	87	-1	69	35	19	72	29	12	14	70	61	60	5	15	97	4	72	37	12	68	55	12	74	95	21	39	5	49	50	8	9	73	89	24	19	51	26	13	61	48	64	92	85	70	9	43	78	64	24	77	18	25	51	52	41	26	7	58	82	12	84	66	30	33	93	93	87	39	55	27	34	37	30	11	49	92	16	97	48	75	36
81	47	5	38	42	59	74	9	82	88	20	8	45	39	60	14	49	38	21	67	69	-1	19	57	94	67	88	95	69	49	6	7	32	88	16	81	73	1	52	22	85	14	0	79	2	64	66	61	67	26	30	82	94	59	23	77	74	66	12	76	76	57	71	88	98	98	43	38	38	0	13	61	43	82	58	40	45	11	10	39	63	22	98	23	19	88	41	41	92	6	42	79	94	91	23	22	62	61	34	35
14	42	39	12	45	94	51	20	8	42	62	52	83	97	36	62	69	51	41	34	35	19	-1	13	77	82	89	5	68	83	54	33	29	8	87	96	35	16	68	34	87	67	6	73	19	33	32	63	86	23	93	63	16	65	57	75	53	8	38	79	95	47	45	13	15	48	93	67	39	68	65	78	23	7	35	37	0	38	10	47	98	47	80	85	97	0	48	73	38	82	8	3	10	78	50	52	79	84	61	37
59	94	40	90	51	25	23	10	8	73	50	53	24	39	56	4	91	44	0	97	19	57	13	-1	56	13	47	41	46	82	25	26	27	81	73	83	81	41	96	34	54	33	66	45	14	29	6	83	17	41	61	0	18	98	56	13	7	36	83	89	71	39	64	49	17	51	16	56	86	0	52	48	14	32	38	44	37	61	24	51	33	61	5	80	43	98	82	66	70	14	57	1	0	9	15	58	88	37	69	4
47	29	15	52	95	43	3	94	23	18	11	90	32	38	57	50	12	12	32	39	72	94	77	56	-1	84	71	47	20	56	29	56	97	67	20	25	53	75	52	36	0	0	25	85	77	69	9	76	49	66	76	24	45	56	71	94	44	16	79	78	58	7	23	97	87	27	75	69	60	66	81	61	98	41	3	75	99	96	91	92	83	2	67	52	69	62	4	26	21	71	81	82	60	79	13	55	67	82	23	52
91	66	61	13	82	35	53	35	62	15	4	50	20	75	69	99	80	41	64	0	29	67	82	13	84	-1	2	74	60	85	98	12	97	79	54	44	76	63	60	33	83	25	98	11	10	36	89	75	48	96	25	14	53	18	85	44	28	84	31	64	54	87	4	59	3	16	48	75	99	28	87	91	40	29	88	52	5	11	6	27	64	47	78	67	33	55	45	3	80	74	7	85	20	16	16	68	76	2	14	9
21	80	3	40	11	2	57	32	21	21	63	43	88	44	21	17	52	45	63	3	12	88	89	47	71	2	-1	8	12	88	62	48	6	80	62	3	67	70	42	54	67	25	2	86	30	93	85	77	55	9	78	71	14	66	26	52	69	79	42	82	57	2	53	98	91	24	78	89	83	63	28	40	27	36	28	20	46	19	24	37	29	69	11	61	63	79	10	32	18	55	80	71	69	9	84	92	69	27	39	12
74	98	3	67	59	4	0	62	93	53	47	76	74	2	65	64	79	28	21	11	14	95	5	41	47	74	8	-1	62	30	82	19	6	47	43	76	12	96	82	32	35	35	37	0	58	71	96	59	1	58	8	71	6	62	9	87	56	25	57	27	16	82	16	63	76	90	16	1	36	32	64	47	43	58	77	92	6	54	95	41	13	50	82	16	79	71	55	65	7	85	13	28	80	20	9	50	13	48	92	69
74	19	97	1	45	54	11	69	45	86	69	79	60	53	7	30	71	5	22	87	70	69	68	46	20	60	12	62	-1	35	59	86	64	77	0	27	92	50	83	19	92	24	8	36	94	77	90	92	37	49	23	82	30	38	90	79	18	41	37	8	95	86	35	48	72	52	72	99	0	10	11	67	91	26	10	32	94	24	40	27	55	34	61	70	72	92	57	80	40	93	7	64	5	83	82	42	2	56	96	67
14	97	22	49	43	56	58	31	4	88	74	32	33	39	76	19	63	80	88	43	61	49	83	82	56	85	88	30	35	-1	75	66	92	32	81	12	62	18	72	62	56	21	68	26	92	97	37	44	6	28	30	95	75	80	14	36	38	84	87	31	88	65	63	43	78	42	79	77	30	21	50	46	56	33	87	6	84	84	4	7	75	56	70	89	77	14	27	82	48	65	42	3	73	86	70	48	71	22	20	37
18	97	49	75	58	36	48	20	74	34	29	4	37	94	58	95	0	73	15	99	60	6	54	25	29	98	62	82	59	75	-1	16	59	27	82	35	87	88	4	0	79	25	38	95	78	63	61	50	85	77	30	65	40	81	22	16	16	42	7	84	79	22	93	44	85	32	74	87	62	28	57	52	1	23	1	79	95	12	11	37	18	76	28	86	24	46	32	90	2	84	43	26	15	74	93	80	47	84	8	50
38	51	37	42	13	92	36	98	14	21	88	98	74	4	24	73	97	41	22	12	5	7	33	26	56	12	48	19	86	66	16	-1	18	99	90	66	13	14	53	15	19	24	42	14	34	0	50	7	27	67	66	53	22	91	72	23	63	55	41	76	84	92	54	79	33	92	22	87	17	67	48	0	21	37	66	49	43	98	18	12	12	48	65	68	5	17	23	52	49	75	22	34	36	71	95	35	73	99	5	2
48	78	37	86	28	71	5	31	43	21	60	97	55	59	36	64	71	6	90	7	15	32	29	27	97	97	6	6	64	92	59	18	-1	74	66	81	81	4	71	51	77	74	12	39	76	73	76	24	31	58	58	94	5	80	37	51	0	87	87	79	12	83	36	71	88	53	21	40	43	5	11	78	6	30	47	75	95	35	54	61	41	28	67	14	83	54	31	50	81	25	26	2	80	7	86	19	81	99	88	0
0	20	50	18	86	71	56	93	82	22	67	94	19	65	80	24	30	35	66	95	97	88	8	81	67	79	80	47	77	32	27	99	74	-1	4	19	7	34	54	63	45	30	52	98	65	12	78	85	90	52	2	99	50	47	85	41	88	12	54	34	74	27	83	32	19	26	46	45	3	23	92	76	91	75	97	78	49	49	15	29	29	28	45	29	27	6	95	34	1	32	91	58	61	75	79	70	39	10	61	65
79	27	67	41	74	92	53	24	23	46	83	9	49	23	6	12	7	90	39	52	4	16	87	73	20	54	62	43	0	81	82	90	66	4	-1	91	5	29	50	47	79	48	99	20	26	62	26	31	73	11	43	7	74	53	57	76	20	8	80	70	6	86	66	44	32	30	39	87	58	23	1	8	82	35	91	97	49	16	67	0	89	15	23	30	58	83	81	62	47	35	19	29	12	30	91	30	47	29	35	36
47	43	9	45	55	17	54	47	5	10	93	85	15	59	67	3	53	61	29	24	72	81	96	83	25	44	3	76	27	12	35	66	81	19	91	-1	68	1	54	82	84	51	25	61	69	55	48	33	57	99	79	53	26	30	83	50	98	75	60	47	36	44	21	36	93	51	71	42	41	18	42	97	66	35	67	44	4	44	83	85	56	67	7	89	34	31	62	90	4	4	19	7	5	88	66	28	24	58	94	17
64	14	94	18	61	26	2	5	19	17	74	55	15	44	82	12	73	5	43	77	37	73	35	81	53	76	67	12	92	62	87	13	81	7	5	68	-1	46	37	40	31	23	83	56	37	82	76	35	52	9	58	82	68	75	1	82	29	98	96	39	91	91	98	7	92	77	57	79	63	71	35	14	74	39	77	14	24	9	27	76	92	62	27	60	37	56	59	30	90	85	59	2	22	85	64	78	60	51	5	52
25	0	82	29	38	71	26	15	23	75	63	27	13	69	99	22	3	90	85	57	12	1	16	41	75	63	70	96	50	18	88	14	4	34	29	1	46	-1	71	14	28	0	0	75	48	77	41	70	49	69	54	70	65	23	69	99	62	14	55	58	14	83	45	13	25	49	66	20	36	41	53	3	33	2	82	83	56	44	61	38	75	81	45	32	31	40	2	65	76	72	93	17	86	4	15	65	95	63	13	69
54	83	90	60	35	27	77	81	46	66	48	22	41	52	14	20	71	61	20	25	68	52	68	96	52	60	42	82	83	72	4	53	71	54	50	54	37	71	-1	5	50	97	23	41	27	17	51	95	63	3	30	57	9	18	34	25	47	15	8	70	12	96	30	24	41	26	48	4	68	81	49	75	54	38	89	25	30	88	70	30	37	69	69	29	48	83	19	70	67	4	50	30	84	53	7	50	29	50	76	87
53	23	63	96	80	90	0	52	19	59	69	60	27	28	89	97	75	30	17	70	55	22	34	34	36	33	54	32	19	62	0	15	51	63	47	82	40	14	5	-1	96	43	72	10	31	68	28	71	98	40	23	56	52	99	82	93	67	41	90	31	42	10	78	3	60	45	7	25	18	16	68	62	56	24	10	7	4	60	97	28	45	90	1	78	32	59	17	22	20	58	25	50	99	55	75	65	56	59	68	47
0	34	37	57	13	37	65	85	93	49	22	0	11	65	30	31	68	44	21	7	12	85	87	54	0	83	67	35	92	56	79	19	77	45	79	84	31	28	50	96	-1	31	6	89	72	59	71	40	48	21	24	16	95	47	58	49	16	24	50	93	11	86	38	37	14	29	6	70	9	70	34	55	73	62	73	0	23	60	54	99	72	51	85	39	18	91	19	27	46	99	42	60	24	13	48	35	42	9	70	9
4	60	62	65	88	8	64	85	60	68	86	2	82	10	70	0	78	1	16	24	74	14	67	33	0	25	25	35	24	21	25	24	74	30	48	51	23	0	97	43	31	-1	70	44	31	45	59	91	92	46	62	29	92	68	79	9	84	37	26	50	94	5	52	82	31	6	88	19	46	25	98	32	4	66	58	61	26	32	36	29	29	58	73	53	1	87	58	5	8	9	84	90	43	79	10	13	28	68	0	89
29	20	93	97	64	83	94	51	18	65	24	53	46	18	7	10	94	36	44	49	95	0	6	66	25	98	2	37	8	68	38	42	12	52	99	25	83	0	23	72	6	70	-1	52	39	34	70	65	55	33	52	27	49	4	90	41	88	0	50	74	87	40	21	43	29	67	94	9	9	96	24	67	76	65	10	28	73	51	60	62	95	96	40	23	27	49	74	97	66	0	20	73	51	69	4	51	0	76	17	68
88	33	73	35	49	80	81	93	32	82	21	24	1	7	54	10	82	91	89	95	21	79	73	45	85	11	86	0	36	26	95	14	39	98	20	61	56	75	41	10	89	44	52	-1	95	19	44	36	28	58	37	98	67	89	19	61	73	0	5	46	77	92	96	20	80	12	13	63	0	7	0	77	50	58	63	7	54	81	30	41	83	8	68	77	0	39	82	91	57	0	76	69	84	60	20	70	88	58	28	56
45	97	12	89	49	27	80	0	41	3	98	59	77	18	47	58	20	32	25	67	39	2	19	14	77	10	30	58	94	92	78	34	76	65	26	69	37	48	27	31	72	31	39	95	-1	0	65	95	71	38	67	84	41	51	56	24	90	77	10	56	41	13	91	53	89	12	18	36	26	46	77	36	27	44	65	32	89	3	45	89	47	0	38	12	33	30	0	32	97	73	62	43	13	57	83	7	64	59	32	78
43	38	5	59	53	23	57	86	95	2	87	93	66	52	9	48	21	11	18	33	5	64	33	29	69	36	93	71	77	97	63	0	73	12	62	55	82	77	17	68	59	45	34	19	0	-1	53	24	90	44	28	59	13	9	20	4	24	3	58	5	98	11	58	88	85	30	25	25	20	22	74	64	3	92	90	41	97	55	57	21	8	78	0	83	14	28	62	24	55	98	0	53	91	49	80	59	54	96	39	80
11	56	25	0	30	12	39	95	64	41	9	48	64	8	28	1	66	46	54	17	49	66	32	6	9	89	85	96	90	37	61	50	76	78	26	48	76	41	51	28	71	59	70	44	65	53	-1	96	13	99	49	2	65	17	35	86	79	11	86	83	46	41	8	1	39	21	24	91	22	43	77	35	8	60	38	7	62	93	89	56	79	23	27	24	63	20	71	56	31	74	40	90	2	14	9	61	0	82	39	37
77	30	82	21	14	97	58	12	29	81	32	36	90	41	85	85	50	86	96	74	50	61	63	83	76	75	77	59	92	44	50	7	24	85	31	33	35	70	95	71	40	91	65	36	95	24	96	-1	92	79	89	2	6	89	17	8	99	39	58	66	53	28	68	80	80	54	81	46	6	31	39	60	35	69	93	76	12	1	36	31	85	0	40	22	53	42	55	17	18	62	14	46	5	55	61	30	83	55	84	85
61	89	78	0	12	17	27	76	70	95	98	0	92	42	38	89	98	25	28	60	8	67	86	17	49	48	55	1	37	6	85	27	31	90	73	57	52	49	63	98	48	92	55	28	71	90	13	92	-1	73	66	44	22	88	90	80	2	5	38	4	38	66	11	12	12	25	59	66	47	7	38	4	61	18	39	19	5	49	47	77	40	65	54	27	73	2	67	18	67	21	99	61	84	41	47	27	33	70	53	40
47	69	64	45	11	66	45	5	25	26	85	72	51	48	24	29	21	88	83	20	9	26	23	41	66	96	9	58	49	28	77	67	58	52	11	99	9	69	3	40	21	46	33	58	38	44	99	79	73	-1	50	80	20	9	30	0	78	0	38	28	90	67	86	0	79	4	70	87	94	11	89	42	14	89	3	23	30	88	68	31	41	81	21	58	48	93	61	19	13	49	35	25	40	19	92	13	78	85	56	4
82	23	93	26	94	54	47	23	75	15	90	33	37	13	80	66	30	6	57	51	73	30	93	61	76	25	78	8	23	30	30	66	58	2	43	79	58	54	30	23	24	62	52	37	67	28	49	89	66	50	-1	89	76	30	35	42	95	16	40	49	42	27	4	0	74	36	81	81	68	14	60	49	82	57	17	44	33	39	28	13	53	1	0	41	21	71	23	89	98	33	52	63	68	77	11	49	77	5	30	58
87	17	8	53	92	38	43	36	22	25	70	94	18	4	49	86	21	44	18	5	89	82	63	0	24	14	71	71	82	95	65	53	94	99	7	53	82	70	57	56	16	29	27	98	84	59	2	2	44	80	89	-1	97	87	5	82	72	40	89	53	47	70	43	63	70	79	34	87	63	2	80	62	34	77	4	26	91	97	6	53	39	59	92	83	2	22	51	71	82	35	91	65	56	47	45	38	6	51	60	1
49	3	34	38	27	35	71	92	9	19	62	17	39	12	0	67	43	82	67	55	24	94	16	18	45	53	14	6	30	75	40	22	5	50	74	26	68	65	9	52	95	92	49	67	41	13	65	6	22	20	76	97	-1	47	57	53	42	0	36	3	43	17	57	98	57	39	52	29	34	20	52	35	22	2	65	30	87	71	49	55	30	93	0	6	22	14	52	10	88	6	45	11	49	4	26	4	42	54	0	95
8	2	7	14	64	10	12	3	41	26	96	53	53	49	46	16	0	71	30	35	19	59	65	98	56	18	66	62	38	80	81	91	80	47	53	30	75	23	18	99	47	68	4	89	51	9	17	89	88	9	30	87	47	-1	97	67	50	97	0	34	20	83	30	91	89	87	81	0	68	5	99	79	66	9	56	64	80	75	8	43	98	35	5	49	40	60	25	29	21	60	69	80	73	27	22	1	55	40	70	42
90	45	43	1	61	98	57	30	72	82	13	72	48	49	14	34	50	4	94	8	51	23	57	56	71	85	26	9	90	14	22	72	37	85	57	83	1	69	34	82	58	79	90	19	56	20	35	17	90	30	35	5	57	97	-1	24	30	60	33	36	96	55	96	89	69	49	74	45	87	67	98	2	66	24	91	16	46	50	66	11	7	50	7	78	16	40	8	69	62	15	86	80	20	19	72	43	80	8	24	3
11	75	93	91	3	1	79	28	67	94	44	10	14	46	82	57	99	69	54	69	26	77	75	13	94	44	52	87	79	36	16	23	51	41	76	50	82	99	25	93	49	9	41	61	24	4	86	8	80	0	42	82	53	67	24	-1	72	3	15	32	10	63	73	61	1	12	97	8	21	24	77	24	56	39	14	47	90	76	12	49	92	6	71	14	95	17	73	75	75	0	37	12	48	5	2	20	60	88	19	7
45	16	48	33	34	45	32	61	75	76	49	26	75	46	12	24	42	19	2	46	13	74	53	7	44	28	69	56	18	38	16	63	0	88	20	98	29	62	47	67	16	84	88	73	90	24	79	99	2	78	95	72	42	50	30	72	-1	30	73	19	10	4	87	81	96	18	99	45	97	41	28	63	74	32	1	37	55	27	34	99	26	24	70	13	88	27	3	28	41	98	50	90	52	2	70	40	15	22	61	70
71	20	96	66	0	95	64	17	88	83	91	43	68	78	99	92	0	67	3	84	61	66	8	36	16	84	79	25	41	84	42	55	87	12	8	75	98	14	15	41	24	37	0	0	77	3	11	39	5	0	16	40	0	97	60	3	30	-1	80	22	96	18	22	92	9	87	90	8	84	60	40	31	17	60	91	86	47	84	65	49	86	7	21	3	64	65	63	5	57	69	82	32	95	50	38	24	65	85	55	75
13	4	84	86	58	38	30	2	22	31	22	60	77	5	12	87	75	51	88	41	48	12	38	83	79	31	42	57	37	87	7	41	87	54	80	60	96	55	8	90	50	26	50	5	10	58	86	58	38	38	40	89	36	0	33	15	73	80	-1	54	42	9	85	57	61	30	32	54	60	26	62	44	16	49	6	70	17	77	98	21	70	61	57	89	65	59	32	48	45	64	15	38	97	12	33	82	76	40	33	22
14	33	0	14	3	55	75	19	43	7	94	56	43	90	88	1	38	0	76	28	64	76	79	89	78	64	82	27	8	31	84	76	79	34	70	47	39	58	70	31	93	50	74	46	56	5	83	66	4	28	49	53	3	34	36	32	19	22	54	-1	21	49	74	18	52	34	28	93	35	15	73	72	34	24	41	42	54	76	0	94	26	90	22	97	97	9	88	30	93	76	13	45	15	54	21	47	47	93	92	26
16	45	12	62	64	7	6	45	84	52	37	64	45	33	81	52	10	20	91	0	92	76	95	71	58	54	57	16	95	88	79	84	12	74	6	36	91	14	12	42	11	94	87	77	41	98	46	53	38	90	42	47	43	20	96	10	10	96	42	21	-1	31	35	92	85	58	25	88	70	5	68	31	25	42	29	99	65	52	22	74	66	51	19	58	78	0	90	0	49	57	18	36	76	24	79	70	92	9	90	76
87	22	69	74	50	3	57	44	6	26	3	95	82	57	13	5	1	61	86	16	85	57	47	39	7	87	2	82	86	65	22	92	83	27	86	44	91	83	96	10	86	5	40	92	13	11	41	28	66	67	27	70	17	83	55	63	4	18	9	49	31	-1	14	31	49	37	3	2	74	83	81	53	48	20	93	85	23	51	23	85	2	58	97	10	81	64	5	91	0	70	0	83	59	8	44	37	47	24	8	73
29	49	1	45	97	80	91	0	91	1	9	92	54	69	2	92	27	88	45	32	70	71	45	64	23	4	53	16	35	63	93	54	36	83	66	21	98	45	30	78	38	52	21	96	91	58	8	68	11	86	4	43	57	30	96	73	87	22	85	74	35	14	-1	24	5	46	34	86	55	84	97	68	34	48	13	27	95	1	84	38	0	0	47	11	21	43	84	71	84	77	99	2	26	37	66	9	61	5	69	98
43	63	14	85	16	40	85	13	16	66	12	21	71	53	46	61	31	7	63	45	9	88	13	49	97	59	98	63	48	43	44	79	71	32	44	36	7	13	24	3	37	82	43	20	53	88	1	80	12	0	0	63	98	91	89	61	81	92	57	18	92	31	24	-1	42	47	43	43	86	12	53	95	10	33	4	85	87	63	51	47	63	45	30	51	92	37	81	99	49	38	55	50	14	52	81	92	37	3	66	69
13	88	28	56	29	48	48	76	62	74	71	66	65	6	9	22	25	35	36	68	43	98	15	17	87	3	91	76	72	78	85	33	88	19	32	93	92	25	41	60	14	31	29	80	89	85	39	80	12	79	74	70	57	89	69	1	96	9	61	52	85	49	5	42	-1	36	41	18	76	62	55	74	11	92	35	31	63	7	27	94	42	34	20	65	10	46	63	9	34	25	61	94	29	64	1	27	22	95	7	25
89	92	55	18	70	11	79	44	6	74	92	35	48	90	42	72	50	75	27	0	78	98	48	51	27	16	24	90	52	42	32	92	53	26	30	51	77	49	26	45	29	6	67	12	12	30	21	54	25	4	36	79	39	87	49	12	18	87	30	34	58	37	46	47	36	-1	45	51	98	21	2	56	40	43	59	43	22	47	49	71	3	14	83	19	39	62	23	5	41	88	58	21	48	84	4	15	44	57	69	35
65	72	66	10	71	62	37	23	78	28	51	45	11	5	47	35	9	43	5	58	64	43	93	16	75	48	78	16	72	79	74	22	21	46	39	71	57	66	48	7	6	88	94	13	18	25	24	81	59	70	81	34	52	81	74	97	99	90	32	28	25	3	34	43	41	45	-1	42	79	54	54	47	44	21	40	28	53	13	91	62	56	33	41	82	93	82	90	25	0	69	18	69	80	22	74	84	63	20	65	41
5	40	85	57	85	13	8	71	30	67	99	89	0	75	1	68	50	27	43	71	24	38	67	56	69	75	89	1	99	77	87	87	40	45	87	42	79	20	4	25	70	19	9	63	36	25	91	46	66	87	81	87	29	0	45	8	45	8	54	93	88	2	86	43	18	51	42	-1	81	12	84	71	2	93	5	72	69	12	10	25	96	74	6	15	45	29	43	65	35	82	23	97	68	2	80	21	84	15	46	56
64	15	75	13	83	9	8	30	36	92	53	20	0	74	12	35	36	62	28	20	77	38	39	86	60	99	83	36	0	30	62	17	43	3	58	41	63	36	68	18	9	46	9	0	26	20	22	6	47	94	68	63	34	68	87	21	97	84	60	35	70	74	55	86	76	98	79	81	-1	90	44	85	90	22	69	42	13	79	82	93	51	47	69	4	29	68	25	88	72	11	50	48	73	55	28	9	0	0	84	25
52	77	63	77	83	29	90	13	87	9	76	99	40	56	43	67	8	53	52	45	18	0	68	0	66	28	63	32	10	21	28	67	5	23	23	18	71	41	81	16	70	25	96	7	46	22	43	31	7	11	14	2	20	5	67	24	41	60	26	15	5	83	84	12	62	21	54	12	90	-1	23	51	25	73	86	99	20	46	64	51	66	93	20	97	7	17	57	70	71	54	69	21	95	52	92	66	98	68	23	0
7	93	52	50	4	91	15	94	48	79	22	0	27	60	88	38	73	27	60	66	25	13	65	52	81	87	28	64	11	50	57	48	11	92	1	42	35	53	49	68	34	98	24	0	77	74	77	39	38	89	60	80	52	99	98	77	28	40	62	73	68	81	97	53	55	2	54	84	44	23	-1	51	4	48	65	63	12	15	98	36	24	37	22	87	32	70	87	6	48	78	15	39	57	73	29	65	76	50	47	9
83	72	98	10	10	91	42	25	54	8	62	41	14	47	10	14	49	36	12	72	51	61	78	48	61	91	40	47	67	46	52	0	78	76	8	97	14	3	75	62	55	32	67	77	36	64	35	60	4	42	49	62	35	79	2	24	63	31	44	72	31	53	68	95	74	56	47	71	85	51	51	-1	66	97	82	58	75	16	86	36	98	8	59	93	36	12	99	50	91	37	26	39	69	46	35	28	1	99	85	17
0	30	64	51	71	43	30	8	53	68	21	7	32	98	58	10	39	12	27	82	52	43	23	14	98	40	27	43	91	56	1	21	6	91	82	66	74	33	54	56	73	4	76	50	27	3	8	35	61	14	82	34	22	66	66	56	74	17	16	34	25	48	34	10	11	40	44	2	90	25	4	66	-1	91	39	78	78	33	85	74	95	80	38	54	60	74	77	27	52	65	44	94	61	32	39	27	82	91	41	65
32	43	80	18	16	57	82	48	23	33	34	59	70	5	46	12	12	79	90	17	41	82	7	32	41	29	36	58	26	33	23	37	30	75	35	35	39	2	38	24	62	66	65	58	44	92	60	69	18	89	57	77	2	9	24	39	32	60	49	24	42	20	48	33	92	43	21	93	22	73	48	97	91	-1	47	9	97	63	23	88	51	18	64	53	4	87	70	1	11	43	83	77	67	2	83	5	71	86	78	48
13	71	60	53	93	40	49	43	49	22	66	75	26	86	50	60	65	2	56	40	26	58	35	38	3	88	28	77	10	87	1	66	47	97	91	67	77	82	89	10	73	58	10	63	65	90	38	93	39	3	17	4	65	56	91	14	1	91	6	41	29	93	13	4	35	59	40	5	69	86	65	82	39	47	-1	68	61	95	71	53	8	10	70	0	35	6	73	12	83	40	17	31	78	98	74	12	34	98	95	26
31	56	33	73	59	56	73	24	22	39	90	54	57	73	36	62	20	66	42	62	7	40	37	44	75	52	20	92	32	6	79	49	75	78	97	44	14	83	25	7	0	61	28	7	32	41	7	76	19	23	44	26	30	64	16	47	37	86	70	42	99	85	27	85	31	43	28	72	42	99	63	58	78	9	68	-1	21	1	87	72	95	84	26	20	51	23	28	76	26	77	18	17	55	97	7	47	28	75	13	44
37	72	70	70	14	13	18	68	50	34	57	97	42	74	62	74	72	90	56	26	58	45	0	37	99	5	46	6	94	84	95	43	95	49	49	4	24	56	30	4	23	26	73	54	89	97	62	12	5	30	33	91	87	80	46	90	55	47	17	54	65	23	95	87	63	22	53	69	13	20	12	75	78	97	61	21	-1	58	9	18	15	21	92	59	94	62	47	15	36	94	85	55	44	73	24	0	45	50	2	37
37	45	92	96	0	32	16	55	91	56	90	16	97	15	30	0	88	51	32	59	82	11	38	61	96	11	19	54	24	84	12	98	35	49	16	44	9	44	88	60	60	32	51	81	3	55	93	1	49	88	39	97	71	75	50	76	27	84	77	76	52	51	1	63	7	47	13	12	79	46	15	16	33	63	95	1	58	-1	27	81	15	59	57	75	45	30	82	7	99	5	28	31	6	62	24	71	74	38	56	41
64	71	95	68	23	21	93	93	63	50	54	88	14	9	63	30	24	48	58	50	12	10	10	24	91	6	24	95	40	4	11	18	54	15	67	83	27	61	70	97	54	36	60	30	45	57	89	36	47	68	28	6	49	8	66	12	34	65	98	0	22	23	84	51	27	49	91	10	82	64	98	86	85	23	71	87	9	27	-1	36	34	16	0	14	13	86	18	15	87	16	11	80	80	33	56	68	94	32	28	80
17	88	31	0	73	71	84	24	79	58	28	35	13	95	11	14	50	72	31	13	84	39	47	51	92	27	37	41	27	7	37	12	61	29	0	85	76	38	30	28	99	29	62	41	89	21	56	31	77	31	13	53	55	43	11	49	99	49	21	94	74	85	38	47	94	71	62	25	93	51	36	36	74	88	53	72	18	81	36	-1	41	61	81	36	94	26	18	73	42	55	34	86	30	42	58	54	84	90	43	26
38	11	38	20	97	52	1	87	26	67	70	63	15	89	71	97	21	41	90	47	66	63	98	33	83	64	29	13	55	75	18	12	41	29	89	56	92	75	37	45	72	29	95	83	47	8	79	85	40	41	53	39	30	98	7	92	26	86	70	26	66	2	0	63	42	3	56	96	51	66	24	98	95	51	8	95	15	15	34	41	-1	54	37	57	41	17	91	82	67	26	48	15	79	81	16	49	41	9	38	76
62	3	4	62	58	84	57	45	91	45	65	98	5	49	97	34	32	3	44	61	30	22	47	61	2	47	69	50	34	56	76	48	28	28	15	67	62	81	69	90	51	58	96	8	0	78	23	0	65	81	1	59	93	35	50	6	24	7	61	90	51	58	0	45	34	14	33	74	47	93	37	8	80	18	10	84	21	59	16	61	54	-1	17	66	30	95	52	41	80	7	41	38	23	95	56	33	84	28	39	41
70	91	10	30	61	20	58	50	44	95	43	91	86	64	94	78	76	74	2	85	33	98	80	5	67	78	11	82	61	70	28	65	67	45	23	7	27	45	69	1	85	73	40	68	38	0	27	40	54	21	0	92	0	5	7	71	70	21	57	22	19	97	47	30	20	83	41	6	69	20	22	59	38	64	70	26	92	57	0	81	37	17	-1	27	38	57	28	82	53	50	64	5	78	90	16	14	22	34	50	25
26	23	93	45	69	16	20	9	9	6	19	67	11	53	19	72	96	61	0	16	93	23	85	80	52	67	61	16	70	89	86	68	14	29	30	89	60	32	29	78	39	53	23	77	12	83	24	22	27	58	41	83	6	49	78	14	13	3	89	97	58	10	11	51	65	19	82	15	4	97	87	93	54	53	0	20	59	75	14	36	57	66	27	-1	76	22	97	89	63	43	70	53	19	90	25	1	54	84	1	8
31	42	45	31	77	36	34	30	88	37	80	12	0	36	53	20	84	79	66	46	93	19	97	43	69	33	63	79	72	77	24	5	83	27	58	34	37	31	48	32	18	1	27	0	33	14	63	53	73	48	21	2	22	40	16	95	88	64	65	97	78	81	21	92	10	39	93	45	29	7	32	36	60	4	35	51	94	45	13	94	41	30	38	76	-1	0	51	87	45	38	10	79	88	0	28	91	49	73	97	98
67	62	18	16	45	23	48	78	99	23	53	59	19	30	47	59	98	41	88	96	87	88	0	98	62	55	79	71	92	14	46	17	54	6	83	31	56	40	83	59	91	87	49	39	30	28	20	42	2	93	71	22	14	60	40	17	27	65	59	9	0	64	43	37	46	62	82	29	68	17	70	12	74	87	6	23	62	30	86	26	17	95	57	22	0	-1	30	93	73	77	9	17	46	5	98	73	58	67	19	23
42	1	33	61	38	3	90	35	44	24	24	71	67	44	2	43	29	65	3	67	39	41	48	82	4	45	10	55	57	27	32	23	31	95	81	62	59	2	19	17	19	58	74	82	0	62	71	55	67	61	23	51	52	25	8	73	3	63	32	88	90	5	84	81	63	23	90	43	25	57	87	99	77	70	73	28	47	82	18	18	91	52	28	97	51	30	-1	67	5	76	87	2	11	4	31	10	43	35	89	74
53	34	52	83	27	12	12	67	54	6	88	75	41	85	67	51	79	47	80	96	55	41	73	66	26	3	32	65	80	82	90	52	50	34	62	90	30	65	70	22	27	5	97	91	32	24	56	17	18	19	89	71	10	29	69	75	28	5	48	30	0	91	71	99	9	5	25	65	88	70	6	50	27	1	12	76	15	7	15	73	82	41	82	89	87	93	67	-1	18	19	28	46	73	99	79	22	60	60	13	32
75	29	1	77	98	37	68	87	32	97	58	20	23	93	13	74	18	6	42	41	27	92	38	70	21	80	18	7	40	48	2	49	81	1	47	4	90	76	67	20	46	8	66	57	97	55	31	18	67	13	98	82	88	21	62	75	41	57	45	93	49	0	84	49	34	41	0	35	72	71	48	91	52	11	83	26	36	99	87	42	67	80	53	63	45	73	5	18	-1	11	7	90	40	84	4	47	92	27	85	20
78	69	3	25	61	7	11	5	12	11	10	9	29	34	25	73	78	92	56	37	34	6	82	14	71	74	55	85	93	65	84	75	25	32	35	4	85	72	4	58	99	9	0	0	73	98	74	62	21	49	33	35	6	60	15	0	98	69	64	76	57	70	77	38	25	88	69	82	11	54	78	37	65	43	40	77	94	5	16	55	26	7	50	43	38	77	76	19	11	-1	61	93	88	23	15	24	28	32	26	60
30	4	93	16	95	54	84	89	45	30	90	35	29	82	44	50	84	52	59	27	37	42	8	57	81	7	80	13	7	42	43	22	26	91	19	19	59	93	50	25	42	84	20	76	62	0	40	14	99	35	52	91	45	69	86	37	50	82	15	13	18	0	99	55	61	58	18	23	50	69	15	26	44	83	17	18	85	28	11	34	48	41	64	70	10	9	87	28	7	61	-1	52	63	38	17	99	71	0	93	60
43	37	7	84	64	7	72	86	30	39	61	44	16	58	45	3	95	41	90	71	30	79	3	1	82	85	71	28	64	3	26	34	2	58	29	7	2	17	30	50	60	90	73	69	43	53	90	46	61	25	63	65	11	80	80	12	90	32	38	45	36	83	2	50	94	21	69	97	48	21	39	39	94	77	31	17	55	31	80	86	15	38	5	53	79	17	2	46	90	93	52	-1	19	82	12	70	66	97	66	43
83	81	49	62	83	20	9	30	3	62	30	92	39	52	57	3	45	8	98	5	11	94	10	0	60	20	69	80	5	73	15	36	80	61	12	5	22	86	84	99	24	43	51	84	13	91	2	5	84	40	68	56	49	73	20	48	52	95	97	15	76	59	26	14	29	48	80	68	73	95	57	69	61	67	78	55	44	6	80	30	79	23	78	19	88	46	11	73	40	88	63	19	-1	59	35	36	59	27	62	82
13	80	13	29	54	67	6	13	35	52	14	4	49	57	34	13	32	99	75	4	49	91	78	9	79	16	9	20	83	86	74	71	7	75	30	88	85	4	53	55	13	79	69	60	57	49	14	55	41	19	77	47	4	27	19	5	2	50	12	54	24	8	37	52	64	84	22	2	55	52	73	46	32	2	98	97	73	62	33	42	81	95	90	90	0	5	4	99	84	23	38	82	59	-1	20	40	24	69	68	39
31	79	55	6	77	51	49	88	64	92	10	4	29	42	96	66	89	40	19	12	92	23	50	15	13	16	84	9	82	70	93	95	86	79	91	66	64	15	7	75	48	10	4	20	83	80	9	61	47	92	11	45	26	22	72	2	70	38	33	21	79	44	66	81	1	4	74	80	28	92	29	35	39	83	74	7	24	24	56	58	16	56	16	25	28	98	31	79	4	15	17	12	35	20	-1	17	35	20	19	13
42	44	59	44	70	6	13	10	60	86	66	27	44	52	32	4	41	6	73	7	16	22	52	58	55	68	92	50	42	48	80	35	19	70	30	28	78	65	50	65	35	13	51	70	7	59	61	30	27	13	49	38	4	1	43	20	40	24	82	47	70	37	9	92	27	15	84	21	9	66	65	28	27	5	12	47	0	71	68	54	49	33	14	1	91	73	10	22	47	24	99	70	36	40	17	-1	92	84	13	48
93	40	90	68	91	60	7	72	21	66	21	34	31	75	92	5	50	40	49	34	97	62	79	88	67	76	69	13	2	71	47	73	81	39	47	24	60	95	29	56	42	28	0	88	64	54	0	83	33	78	77	6	42	55	80	60	15	65	76	47	92	47	61	37	22	44	63	84	0	98	76	1	82	71	34	28	45	74	94	84	41	84	22	54	49	58	43	60	92	28	71	66	59	24	35	92	-1	87	86	45
90	8	26	13	99	67	10	54	7	7	51	96	91	53	72	20	92	69	25	45	48	61	84	37	82	2	27	48	56	22	84	99	99	10	29	58	51	63	50	59	9	68	76	58	59	96	82	55	70	85	5	51	54	40	8	88	22	85	40	93	9	24	5	3	95	57	20	15	0	68	50	99	91	86	98	75	50	38	32	90	9	28	34	84	73	67	35	60	27	32	0	97	27	69	20	84	87	-1	99	44
59	49	99	52	16	18	85	0	33	6	72	91	18	5	47	34	29	57	5	0	75	34	61	69	23	14	39	92	96	20	8	5	88	61	35	94	5	13	76	68	70	0	17	28	32	39	39	84	53	56	30	60	0	70	24	19	61	55	33	92	90	8	69	66	7	69	65	46	84	23	47	85	41	78	95	13	2	56	28	43	38	39	50	1	97	19	89	13	85	26	93	66	62	68	19	13	86	99	-1	33
63	9	41	2	46	5	92	35	3	33	55	48	24	17	16	47	92	5	98	88	36	35	37	4	52	9	12	69	67	37	50	2	0	65	36	17	52	69	87	47	9	89	68	56	78	80	37	85	40	4	58	1	95	42	3	7	70	75	22	26	76	73	98	69	25	35	41	56	25	0	9	17	65	48	26	44	37	41	80	26	76	41	25	8	98	23	74	32	20	60	60	43	82	39	13	48	45	44	33	-1